Localidade	"Número de moradias permanentes
(habitações) (IBGE)"	"Número de moradias permanentes em áreas urbanas
(habitações) (IBGE)"	"Número de pessoas por moradia
(pessoas por moradia) (IBGE)"	"Número de pessoas por moradia (área urbana)
(pessoas por moradia) (IBGE)"	"PIB, em R$ milhões a preços de 2017
(R$ milhões a preços de 2019) (IBGE)"	"PIB per capita, em R$ a preços de 2017
(R$ por habitante a preços de 2019) (IBGE)"	"Área do município
(km²) (IBGE)"	"Densidade demográfica (pessoas por km²)
(Pessoas por km²) (IBGE)"
Ariquemes (Município) (110002)	35.365	31.286	3,05	2,92	-	-	4.426,570	24,37
Cacoal (Município) (110004)	32.456	27.234	2,63	2,47	-	-	3.792,950	22,50
Jaru (Município) (110011)	21.754	15.749	2,38	2,22	-	-	2.944,130	17,59
Ji-Paraná (Município) (110012)	47.069	45.125	2,74	2,57	-	-	6.896,650	18,70
Porto Velho (Município) (110020)	163.918	148.803	3,23	3,24	-	-	34.090,960	15,53
Rolim de Moura (Município) (110028)	21.095	18.160	2,61	2,48	-	-	1.457,890	37,77
Vilhena (Município) (110030)	30.077	29.853	3,32	3,17	-	-	11.699,150	8,54
Cruzeiro do Sul (Município) (120020)	24.755	18.647	3,57	3,34	-	-	8.779,400	10,07
Rio Branco (Município) (120040)	131.826	114.022	3,09	3,28	-	-	8.834,940	46,10
Careiro da Várzea (Município) (130115)	7.372	367	4,10	3,44	-	-	2.627,470	11,50
Coari (Município) (130120)	19.744	14.872	4,31	3,74	-	-	57.970,770	1,47
Humaitá (Município) (130170)	12.662	9.970	4,35	3,81	-	-	33.111,160	1,66
Iranduba (Município) (130185)	12.709	9.695	3,80	3,54	-	-	2.216,820	21,79
Itacoatiara (Município) (130190)	25.655	18.957	3,95	3,58	-	-	8.891,910	11,40
Manacapuru (Município) (130250)	23.578	18.550	4,13	3,71	-	-	7.336,580	13,27
Manaus (Município) (130260)	657.225	650.444	3,32	3,34	-	-	11.401,090	191,45
Manicoré (Município) (130270)	12.334	6.155	4,52	3,92	-	-	48.315,020	1,15
Maués (Município) (130290)	12.910	7.282	4,95	4,34	-	-	39.991,070	1,60
Novo Airão (Município) (130320)	4.070	2.946	4,78	4,26	-	-	37.805,260	0,51
Parintins (Município) (130340)	27.015	20.598	4,23	3,80	-	-	5.956,370	19,18
Presidente Figueiredo (Município) (130353)	9.255	4.729	3,92	3,67	-	-	25.412,270	1,43
Rio Preto da Eva (Município) (130356)	7.846	4.058	4,25	3,90	-	-	5.815,620	5,73
Tabatinga (Município) (130406)	12.911	10.775	5,10	4,25	-	-	3.266,060	20,16
Tefé (Município) (130420)	15.960	14.427	3,75	3,38	-	-	23.692,220	2,53
Boa Vista (Município) (140010)	105.711	104.323	3,78	3,74	-	-	5.687,040	70,20
Abaetetuba (Município) (150010)	42.621	28.024	3,70	3,31	-	-	1.610,400	97,92
Acará (Município) (150020)	16.020	4.380	3,47	2,99	-	-	4.343,810	12,80
Alenquer (Município) (150040)	16.508	9.744	3,44	3,07	-	-	23.645,450	2,40
Altamira (Município) (150060)	36.729	33.424	3,12	2,91	-	-	159.533,330	0,72
Ananindeua (Município) (150080)	172.272	185.067	3,08	2,86	-	-	190,450	2.786,01
Barcarena (Município) (150130)	34.827	13.329	3,58	3,40	-	-	1.310,590	95,13
Belém (Município) (150140)	462.013	462.013	3,23	3,20	-	-	1.059,460	1.408,97
Benevides (Município) (150150)	19.127	11.328	3,28	3,10	-	-	187,830	334,02
Bragança (Município) (150170)	36.172	25.276	3,53	3,24	-	-	2.091,930	61,04
Breu Branco (Município) (150178)	17.199	10.596	3,84	3,48	-	-	3.941,910	16,75
Breves (Município) (150180)	24.108	14.186	4,26	3,63	-	-	9.563,010	10,74
Cametá (Município) (150210)	32.598	16.244	4,23	3,71	-	-	3.081,370	44,75
Capanema (Município) (150220)	23.009	20.083	3,00	2,74	-	-	614,690	112,30
Capitão Poço (Município) (150230)	17.574	8.310	3,09	2,70	-	-	2.899,550	18,73
Castanhal (Município) (150240)	62.945	59.686	3,19	2,98	-	-	1.028,890	195,16
Dom Eliseu (Município) (150293)	18.097	12.655	3,30	2,99	-	-	5.268,820	11,33
Igarapé-Miri (Município) (150330)	16.370	8.495	3,83	3,33	-	-	1.996,790	31,40
Ipixuna do Pará (Município) (150345)	16.175	4.412	3,96	3,46	-	-	5.215,560	12,28
Itaituba (Município) (150360)	32.451	24.883	3,12	2,95	-	-	62.042,470	1,63
Itupiranga (Município) (150370)	17.073	7.151	3,12	2,98	-	-	7.880,110	6,76
Jacundá (Município) (150380)	17.399	16.494	3,40	3,19	-	-	2.008,320	29,46
Juruti (Município) (150390)	13.290	5.067	4,36	3,85	-	-	8.305,130	6,98
Marabá (Município) (150420)	84.395	72.536	3,31	3,07	-	-	15.128,060	18,47
Marituba (Município) (150442)	38.233	40.421	3,44	3,22	-	-	103,340	1.272,66
Moju (Município) (150470)	21.661	8.703	3,79	3,39	-	-	9.094,140	9,03
Monte Alegre (Município) (150480)	18.600	9.180	3,12	2,80	-	-	18.152,560	3,20
Novo Repartimento (Município) (150506)	21.266	10.363	3,57	3,30	-	-	15.398,720	4,93
Óbidos (Município) (150510)	15.380	8.853	3,39	3,04	-	-	28.021,440	1,86
Oriximiná (Município) (150530)	18.986	13.018	3,85	3,59	-	-	107.603,660	0,68
Paragominas (Município) (150550)	34.495	29.402	3,28	3,01	-	-	19.342,250	5,85
Parauapebas (Município) (150553)	60.721	59.205	3,43	3,17	-	-	6.886,210	30,24
Portel (Município) (150580)	13.371	7.426	4,64	3,98	-	-	25.384,960	2,44
Redenção (Município) (150613)	27.799	27.685	3,05	2,84	-	-	3.823,810	22,17
Rondon do Pará (Município) (150618)	17.280	13.765	3,03	2,81	-	-	8.246,390	6,35
Santa Bárbara do Pará (Município) (150635)	6.236	2.078	3,38	3,23	-	-	278,150	75,78
Santa Izabel do Pará (Município) (150650)	21.262	17.296	3,33	2,96	-	-	717,660	98,66
Santana do Araguaia (Município) (150670)	19.787	10.990	3,68	3,50	-	-	11.591,460	6,28
Santarém (Município) (150680)	95.783	76.674	3,18	2,91	-	-	17.898,390	17,02
São Félix do Xingu (Município) (150730)	32.282	17.385	3,98	3,65	-	-	84.212,850	1,53
São Miguel do Guamá (Município) (150760)	17.400	12.037	3,39	3,03	-	-	1.110,180	53,13
Tailândia (Município) (150795)	23.423	18.526	4,54	4,25	-	-	4.430,220	24,00
Tomé-Açu (Município) (150800)	18.716	11.430	3,39	3,10	-	-	5.145,360	12,33
Tucuruí (Município) (150810)	32.661	33.387	3,48	3,24	-	-	2.086,190	54,48
Ulianópolis (Município) (150812)	12.183	8.837	4,86	4,41	-	-	5.088,470	11,64
Vigia (Município) (150820)	16.219	11.478	3,31	3,16	-	-	539,080	99,59
Viseu (Município) (150830)	16.869	5.945	3,64	3,35	-	-	4.915,070	12,49
Macapá (Município) (160030)	130.081	120.218	3,87	4,01	-	-	6.503,460	77,39
Santana (Município) (160060)	29.966	29.996	4,05	3,96	-	-	1.541,220	78,75
Araguaína (Município) (170210)	58.029	56.757	3,11	3,02	-	-	4.000,420	45,11
Gurupi (Município) (170950)	30.835	31.013	2,81	2,73	-	-	1.836,090	47,19
Paraíso do Tocantins (Município) (171610)	17.858	17.566	2,87	2,79	-	-	1.268,060	40,42
Porto Nacional (Município) (171820)	18.216	16.173	2,91	2,83	-	-	4.449,920	11,91
Palmas (Município) (172100)	100.155	100.155	2,99	2,90	-	-	2.218,940	134,81
Açailândia (Município) (210005)	35.030	27.813	3,21	3,04	-	-	5.806,440	19,37
Alcântara (Município) (210020)	7.542	2.231	2,93	2,90	-	-	1.457,920	15,16
Bacabal (Município) (210120)	32.899	27.696	3,19	2,95	-	-	1.683,070	62,36
Balsas (Município) (210140)	27.583	25.753	3,44	3,21	-	-	13.141,760	7,22
Barra do Corda (Município) (210160)	27.310	18.520	3,23	2,97	-	-	5.190,340	17,00
Barreirinhas (Município) (210170)	15.830	7.152	3,95	3,51	-	-	3.026,540	20,66
Buriticupu (Município) (210232)	19.295	11.473	3,75	3,46	-	-	2.545,440	28,43
Caxias (Município) (210300)	50.732	41.172	3,25	3,06	-	-	5.196,770	31,73
Chapadinha (Município) (210320)	22.507	17.620	3,54	3,26	-	-	3.247,390	24,54
Codó (Município) (210330)	37.006	27.124	3,32	3,11	-	-	4.361,340	28,17
Coroatá (Município) (210360)	20.029	15.233	3,26	2,99	-	-	2.263,770	28,84
Grajaú (Município) (210480)	19.206	12.455	3,62	3,33	-	-	8.863,570	7,84
Imperatriz (Município) (210530)	85.941	86.929	3,01	2,82	-	-	1.368,990	188,96
Itapecuru Mirim (Município) (210540)	20.119	12.047	3,39	3,16	-	-	1.471,440	46,35
Paço do Lumiar (Município) (210750)	35.522	28.719	3,44	3,19	-	-	125,260	975,55
Pinheiro (Município) (210860)	24.598	15.947	3,39	3,11	-	-	1.512,970	55,11
Raposa (Município) (210945)	8.592	5.730	3,58	3,40	-	-	66,400	463,27
Santa Inês (Município) (210990)	25.661	25.870	3,47	3,26	-	-	786,690	113,19
Santa Luzia (Município) (211000)	21.954	8.609	3,31	2,94	-	-	4.837,040	15,02
São José de Ribamar (Município) (211120)	54.339	11.981	3,27	3,43	-	-	385,780	460,60
São Luís (Município) (211130)	327.606	316.028	3,36	3,29	-	-	834,830	1.319,90
Timon (Município) (211220)	51.557	47.572	3,28	3,09	-	-	1.764,610	95,83
Tutóia (Município) (211250)	14.605	5.738	4,03	3,63	-	-	1.651,650	35,64
Vargem Grande (Município) (211270)	14.416	8.745	3,92	3,49	-	-	1.957,750	28,86
Viana (Município) (211280)	15.561	9.111	3,37	3,13	-	-	1.168,440	44,88
Zé Doca (Município) (211400)	15.033	10.262	3,44	3,10	-	-	2.140,110	24,16
Altos (Município) (220040)	12.585	9.047	3,22	3,16	-	-	957,650	42,32
Beneditinos (Município) (220160)	3.261	2.106	3,21	3,14	-	-	788,580	13,27
Coivaras (Município) (220273)	1.237	414	3,25	2,99	-	-	485,500	8,28
Curralinhos (Município) (220325)	1.338	438	3,32	3,23	-	-	345,850	12,85
Demerval Lobão (Município) (220330)	4.606	3.809	3,00	2,97	-	-	216,810	63,73
Floriano (Município) (220390)	19.587	17.190	3,06	3,02	-	-	3.409,650	17,58
José de Freitas (Município) (220550)	11.202	6.658	3,50	3,43	-	-	1.538,170	25,49
Lagoa Alegre (Município) (220555)	2.379	930	3,59	3,49	-	-	394,660	21,64
Lagoa do Piauí (Município) (220558)	1.290	581	3,15	3,03	-	-	426,630	9,53
Miguel Leão (Município) (220630)	402	275	3,10	3,12	-	-	93,520	13,32
Monsenhor Gil (Município) (220640)	3.452	1.834	3,06	2,96	-	-	582,550	18,13
Nazária (Município) (220672)	2.670	557	3,21	3,15	-	-	363,590	23,57
Parnaíba (Município) (220770)	46.956	44.858	3,26	3,22	-	-	434,230	352,53
Pau D'Arco do Piauí (Município) (220779)	1.252	205	3,23	2,92	-	-	430,820	9,39
Picos (Município) (220800)	25.647	20.778	3,05	2,99	-	-	577,300	135,50
Piripiri (Município) (220840)	20.496	15.254	3,11	3,01	-	-	1.408,930	45,24
Teresina (Município) (221100)	271.025	233.344	3,19	3,49	-	-	1.391,980	621,31
União (Município) (221110)	13.122	6.606	3,39	3,31	-	-	1.173,450	37,91
Acaraú (Município) (230020)	18.868	9.636	3,32	3,19	-	-	842,560	74,35
Acopiara (Município) (230030)	19.382	10.293	2,80	2,60	-	-	2.265,350	23,96
Aquiraz (Município) (230100)	25.728	24.309	3,12	3,05	-	-	481,600	166,68
Aracati (Município) (230110)	25.618	16.713	2,91	2,84	-	-	1.228,060	60,70
Barbalha (Município) (230190)	18.994	13.243	3,20	3,10	-	-	569,510	106,73
Beberibe (Município) (230220)	18.160	8.209	2,95	2,86	-	-	1.623,880	32,99
Boa Viagem (Município) (230240)	19.454	10.535	2,80	2,62	-	-	2.836,780	19,20
Camocim (Município) (230260)	20.210	15.443	3,15	3,06	-	-	1.124,780	56,60
Canindé (Município) (230280)	25.245	16.712	3,05	2,90	-	-	3.218,480	23,92
Cascavel (Município) (230350)	24.238	20.932	2,96	2,91	-	-	835,000	85,92
Caucaia (Município) (230370)	113.292	103.297	3,19	3,12	-	-	1.228,510	294,18
Chorozinho (Município) (230395)	7.369	4.568	2,75	2,68	-	-	278,410	72,78
Crateús (Município) (230410)	27.703	20.638	2,71	2,63	-	-	2.985,150	25,15
Crato (Município) (230420)	43.749	37.476	3,02	2,93	-	-	1.176,470	112,30
Eusébio (Município) (230428)	16.549	16.808	3,24	3,19	-	-	79,010	678,67
Fortaleza (Município) (230440)	922.635	922.635	2,89	2,89	-	-	314,930	8.475,99
Granja (Município) (230470)	16.950	8.946	3,23	3,01	-	-	2.663,030	20,56
Guaiúba (Município) (230495)	8.069	6.443	3,23	3,17	-	-	267,130	97,57
Horizonte (Município) (230523)	20.592	19.404	3,27	3,21	-	-	160,760	418,86
Icó (Município) (230540)	23.374	11.469	2,91	2,76	-	-	1.872,000	36,33
Iguatu (Município) (230550)	36.606	28.825	2,80	2,75	-	-	1.029,210	99,59
Itaitinga (Município) (230625)	11.474	11.568	3,31	3,26	-	-	151,630	250,47
Itapajé (Município) (230630)	16.722	12.101	3,15	3,06	-	-	430,570	122,34
Itapipoca (Município) (230640)	38.846	23.450	3,33	3,18	-	-	1.614,160	80,14
Juazeiro do Norte (Município) (230730)	89.610	87.233	3,06	3,02	-	-	248,830	1.101,98
Limoeiro do Norte (Município) (230760)	22.052	13.170	2,70	2,61	-	-	750,070	79,38
Maracanaú (Município) (230765)	75.210	75.190	3,03	3,01	-	-	106,650	2.136,81
Maranguape (Município) (230770)	37.713	29.615	3,42	3,31	-	-	590,870	218,28
Morada Nova (Município) (230870)	23.355	13.789	2,65	2,56	-	-	2.778,580	22,27
Pacajus (Município) (230960)	22.922	19.211	3,15	3,08	-	-	254,640	283,55
Pacatuba (Município) (230970)	24.183	21.076	3,45	3,40	-	-	131,990	632,09
Pindoretama (Município) (231085)	6.810	4.209	3,02	2,95	-	-	75,140	273,72
Quixadá (Município) (231130)	28.576	21.137	3,07	2,96	-	-	2.019,830	43,43
Quixeramobim (Município) (231140)	27.027	17.006	3,00	2,88	-	-	3.275,630	24,75
Russas (Município) (231180)	26.687	17.723	2,93	2,84	-	-	1.590,260	49,17
São Gonçalo do Amarante (Município) (231240)	15.372	10.189	3,15	3,09	-	-	834,450	58,03
Sobral (Município) (231290)	65.703	58.603	3,18	3,15	-	-	2.122,900	98,42
Tauá (Município) (231330)	20.946	12.812	2,81	2,66	-	-	4.018,160	14,65
Tianguá (Município) (231340)	23.586	16.189	3,22	3,12	-	-	908,890	83,56
Trairi (Município) (231350)	17.259	6.610	3,24	3,09	-	-	925,720	60,40
Viçosa do Ceará (Município) (231410)	17.547	6.270	3,47	3,15	-	-	1.311,630	46,42
Açu (Município) (240020)	19.211	14.300	3,02	3,00	-	-	1.303,440	44,51
Caicó (Município) (240200)	24.011	22.238	2,83	2,80	-	-	1.228,580	55,31
Ceará-Mirim (Município) (240260)	22.408	11.926	3,28	3,21	-	-	724,380	101,46
Parnamirim (Município) (240325)	77.818	78.050	3,36	3,35	-	-	123,470	2.117,66
Extremoz (Município) (240360)	8.358	5.542	3,42	3,31	-	-	139,580	204,79
Macaíba (Município) (240710)	25.091	15.690	3,22	3,16	-	-	510,770	158,18
Monte Alegre (Município) (240780)	7.385	3.312	3,04	2,95	-	-	210,920	106,45
Mossoró (Município) (240800)	94.406	87.032	3,15	3,12	-	-	2.099,330	141,65
Natal (Município) (240810)	303.792	303.792	2,91	2,91	-	-	167,260	5.285,79
Nísia Floresta (Município) (240820)	8.239	3.350	3,35	3,25	-	-	307,840	89,66
São Gonçalo do Amarante (Município) (241200)	31.605	26.963	3,24	3,21	-	-	249,120	411,04
São José de Mipibu (Município) (241220)	13.936	6.554	3,15	3,07	-	-	290,330	151,20
Vera Cruz (Município) (241480)	3.576	1.617	3,49	3,38	-	-	83,890	148,78
Alhandra (Município) (250060)	6.199	3.978	3,16	3,05	-	-	182,660	107,24
Bayeux (Município) (250180)	34.113	34.280	2,84	2,80	-	-	27,540	3.518,30
Caaporã (Município) (250300)	6.716	5.915	3,25	3,18	-	-	150,170	145,36
Cabedelo (Município) (250320)	21.641	21.918	3,13	3,09	-	-	31,920	2.122,39
Cajazeiras (Município) (250370)	21.086	17.617	2,94	2,86	-	-	565,900	109,55
Campina Grande (Município) (250400)	136.577	132.851	3,00	2,94	-	-	593,030	690,92
Conde (Município) (250460)	7.256	5.000	3,40	3,34	-	-	172,950	142,64
Cruz do Espírito Santo (Município) (250490)	5.124	2.416	3,38	3,28	-	-	191,100	90,63
Guarabira (Município) (250630)	19.943	18.015	2,95	2,89	-	-	165,740	354,96
João Pessoa (Município) (250750)	272.571	272.571	2,97	2,96	-	-	211,480	3.825,58
Lucena (Município) (250860)	3.847	3.441	3,40	3,29	-	-	88,550	147,71
Mamanguape (Município) (250890)	14.158	11.831	3,17	3,07	-	-	340,480	131,82
Patos (Município) (251080)	35.396	34.774	3,04	2,99	-	-	473,060	227,47
Pedras de Fogo (Município) (251120)	9.034	5.702	3,15	3,02	-	-	404,880	70,29
Pitimbu (Município) (251190)	5.848	3.739	3,26	3,11	-	-	136,440	139,74
Rio Tinto (Município) (251290)	8.059	4.855	3,00	2,83	-	-	465,670	51,92
Santa Rita (Município) (251370)	41.140	36.230	3,32	3,25	-	-	730,210	187,05
Sapé (Município) (251530)	17.198	13.569	3,06	2,95	-	-	315,530	166,78
Sousa (Município) (251620)	22.995	18.435	3,02	2,97	-	-	738,550	94,03
Abreu e Lima (Município) (260005)	36.228	33.847	2,76	2,71	-	-	126,190	792,36
Araçoiaba (Município) (260105)	6.296	5.377	3,26	3,21	-	-	96,380	212,95
Araripina (Município) (260110)	26.547	16.962	3,18	3,02	-	-	2.037,390	41,43
Arcoverde (Município) (260120)	25.992	24.185	2,86	2,80	-	-	323,370	229,89
Belo Jardim (Município) (260170)	28.629	23.636	2,67	2,60	-	-	647,700	118,02
Bezerros (Município) (260190)	24.715	21.567	2,46	2,39	-	-	490,820	123,87
Brejo da Madre de Deus (Município) (260260)	17.201	13.556	2,95	2,91	-	-	762,350	66,56
Buíque (Município) (260280)	17.020	7.515	3,43	3,16	-	-	1.320,870	44,20
Cabo de Santo Agostinho (Município) (260290)	69.247	63.862	2,99	2,94	-	-	448,740	461,40
Camaragibe (Município) (260345)	54.423	55.185	2,90	2,86	-	-	51,260	3.079,15
Carpina (Município) (260400)	27.788	27.017	3,01	2,98	-	-	147,670	566,42
Caruaru (Município) (260410)	125.388	112.892	2,88	2,84	-	-	920,610	392,26
Escada (Município) (260520)	23.427	20.532	2,94	2,85	-	-	342,200	201,27
Garanhuns (Município) (260600)	48.370	43.876	2,89	2,84	-	-	458,550	304,85
Goiana (Município) (260620)	27.598	21.850	2,89	2,80	-	-	445,810	178,91
Gravatá (Município) (260640)	30.242	27.545	2,78	2,73	-	-	506,790	165,90
Igarassu (Município) (260680)	38.493	35.913	3,04	3,00	-	-	305,560	382,97
Ipojuca (Município) (260720)	28.804	22.265	3,34	3,20	-	-	527,110	182,51
Ilha de Itamaracá (Município) (260760)	7.078	6.685	3,71	3,05	-	-	66,680	393,77
Itapissuma (Município) (260775)	8.355	6.963	3,19	2,95	-	-	74,240	359,01
Jaboatão dos Guararapes (Município) (260790)	255.381	252.580	2,75	2,72	-	-	258,690	2.714,78
Limoeiro (Município) (260890)	20.989	17.126	2,68	2,64	-	-	273,740	205,49
Moreno (Município) (260940)	21.355	19.301	2,94	2,88	-	-	196,070	320,21
Olinda (Município) (260960)	145.364	144.099	2,70	2,67	-	-	41,680	9.416,33
Ouricuri (Município) (260990)	21.372	11.572	3,25	3,04	-	-	2.381,580	29,17
Palmares (Município) (261000)	19.953	16.123	3,17	3,09	-	-	339,290	186,42
Paudalho (Município) (261060)	18.346	13.281	3,08	3,01	-	-	274,780	205,64
Paulista (Município) (261070)	117.650	118.069	2,82	2,81	-	-	97,310	3.409,38
Pesqueira (Município) (261090)	23.814	17.767	2,83	2,72	-	-	980,880	68,71
Petrolina (Município) (261110)	104.848	81.111	3,33	3,21	-	-	4.561,870	76,54
Recife (Município) (261160)	592.367	592.367	2,78	2,78	-	-	218,440	7.534,17
Salgueiro (Município) (261220)	19.404	16.021	3,14	3,07	-	-	1.686,810	36,12
Santa Cruz do Capibaribe (Município) (261250)	34.050	33.595	3,17	3,14	-	-	335,310	321,90
São Bento do Una (Município) (261300)	19.072	10.498	3,12	2,97	-	-	719,150	82,74
São Lourenço da Mata (Município) (261370)	39.316	37.367	2,88	2,85	-	-	262,110	432,00
Serra Talhada (Município) (261390)	29.674	23.765	2,91	2,81	-	-	2.980,010	28,98
Surubim (Município) (261450)	22.600	17.432	2,88	2,81	-	-	252,860	257,42
Timbaúba (Município) (261530)	21.209	18.796	2,50	2,43	-	-	292,990	180,97
Vitória de Santo Antão (Município) (261640)	50.827	45.354	2,73	2,67	-	-	335,940	413,04
Arapiraca (Município) (270030)	77.249	65.509	3,00	3,00	-	-	345,660	670,46
Barra de Santo Antônio (Município) (270050)	4.686	4.361	3,40	3,40	-	-	131,630	121,03
Barra de São Miguel (Município) (270060)	2.693	2.349	3,09	3,05	-	-	76,620	108,62
Campo Alegre (Município) (270140)	14.594	6.690	3,91	3,72	-	-	312,710	182,48
Coqueiro Seco (Município) (270220)	2.009	1.814	2,91	2,90	-	-	39,610	147,57
Coruripe (Município) (270230)	17.903	15.863	3,18	3,17	-	-	898,630	63,36
Delmiro Gouveia (Município) (270240)	17.514	12.778	2,97	2,95	-	-	626,690	83,00
Maceió (Município) (270430)	394.333	394.333	2,58	2,58	-	-	509,550	1.999,69
Marechal Deodoro (Município) (270470)	16.321	15.403	3,18	3,18	-	-	332,140	156,26
Messias (Município) (270520)	5.252	4.707	3,40	3,45	-	-	114,160	156,42
Palmeira dos Índios (Município) (270630)	27.018	19.889	2,71	2,70	-	-	450,960	162,36
Paripueira (Município) (270644)	3.797	3.363	3,47	3,47	-	-	92,850	141,90
Penedo (Município) (270670)	21.661	16.318	2,94	2,91	-	-	689,880	92,31
Pilar (Município) (270690)	11.626	11.064	3,02	3,03	-	-	251,070	139,85
Rio Largo (Município) (270770)	24.630	20.254	3,05	3,03	-	-	293,820	255,67
Santa Luzia do Norte (Município) (270790)	2.482	2.223	2,94	2,94	-	-	28,860	252,83
São Miguel dos Campos (Município) (270860)	18.789	18.096	3,26	3,26	-	-	360,880	169,73
Satuba (Município) (270890)	5.065	4.503	2,73	2,69	-	-	41,270	335,08
União dos Palmares (Município) (270930)	22.017	16.996	2,98	2,95	-	-	420,720	155,95
Aracaju (Município) (280030)	230.418	230.418	2,85	2,85	-	-	181,860	3.612,80
Barra dos Coqueiros (Município) (280060)	9.159	7.971	3,32	3,19	-	-	89,600	339,37
Estância (Município) (280210)	24.275	21.948	2,85	2,68	-	-	644,490	107,35
Itabaiana (Município) (280290)	34.575	28.686	2,76	2,59	-	-	337,300	282,92
Lagarto (Município) (280350)	36.763	20.529	2,84	2,62	-	-	968,920	107,76
Nossa Senhora do Socorro (Município) (280480)	60.404	61.991	3,04	2,87	-	-	155,020	1.184,56
São Cristóvão (Município) (280670)	29.825	26.622	3,02	2,86	-	-	438,040	205,63
Tobias Barreto (Município) (280740)	18.774	13.263	2,78	2,64	-	-	1.024,190	50,96
Alagoinhas (Município) (290070)	54.728	47.311	2,77	2,80	-	-	707,560	214,25
Araci (Município) (290210)	17.947	7.254	3,03	2,85	-	-	1.495,550	36,36
Barra (Município) (290270)	15.092	6.966	3,55	3,50	-	-	11.422,540	4,69
Barreiras (Município) (290320)	50.632	44.573	3,07	3,14	-	-	7.861,760	19,77
Bom Jesus da Lapa (Município) (290390)	21.541	14.490	3,21	3,24	-	-	4.115,510	16,80
Brumado (Município) (290460)	24.435	16.886	2,75	2,78	-	-	2.207,610	30,44
Caetité (Município) (290520)	16.823	10.072	3,03	3,03	-	-	2.651,540	19,22
Camaçari (Município) (290570)	96.184	89.809	3,11	3,18	-	-	784,660	381,23
Campo Formoso (Município) (290600)	23.815	9.009	2,99	2,95	-	-	7.161,830	9,94
Candeias (Município) (290650)	32.859	29.363	2,65	2,71	-	-	251,630	346,05
Casa Nova (Município) (290720)	22.420	12.420	3,21	3,35	-	-	9.647,070	7,46
Catu (Município) (290750)	20.038	16.413	2,73	2,79	-	-	433,190	126,28
Conceição do Coité (Município) (290840)	24.311	14.534	2,74	2,68	-	-	1.015,250	65,61
Cruz das Almas (Município) (290980)	22.666	19.021	2,79	2,83	-	-	139,120	454,57
Dias d'Ávila (Município) (291005)	25.825	23.827	3,14	3,20	-	-	184,230	440,15
Euclides da Cunha (Município) (291070)	21.036	10.427	2,88	2,83	-	-	1.992,640	30,40
Eunápolis (Município) (291072)	38.565	35.235	2,94	3,00	-	-	1.425,970	79,51
Feira de Santana (Município) (291080)	213.497	192.509	2,88	2,93	-	-	1.304,430	471,37
Guanambi (Município) (291170)	29.232	23.040	2,89	2,91	-	-	1.272,370	66,40
Ilhéus (Município) (291360)	75.151	61.907	2,16	2,21	-	-	1.584,690	102,43
Ipirá (Município) (291400)	22.574	11.515	2,64	2,53	-	-	3.105,280	19,19
Irecê (Município) (291460)	25.783	23.199	2,83	2,90	-	-	319,170	228,61
Itaberaba (Município) (291470)	23.366	18.119	2,76	2,80	-	-	2.386,390	27,02
Itabuna (Município) (291480)	82.966	79.385	2,57	2,62	-	-	401,030	531,69
Itamaraju (Município) (291560)	24.707	18.994	2,61	2,68	-	-	2.360,290	27,32
Itaparica (Município) (291610)	8.356	8.142	2,66	2,73	-	-	118,040	188,31
Itapetinga (Município) (291640)	25.214	23.922	3,02	3,09	-	-	1.651,150	46,12
Jacobina (Município) (291750)	32.864	22.889	2,45	2,48	-	-	2.192,910	36,72
Jaguaquara (Município) (291760)	18.638	14.244	2,92	2,91	-	-	924,740	58,85
Jequié (Município) (291800)	59.757	53.821	2,61	2,66	-	-	2.969,030	52,53
Juazeiro (Município) (291840)	72.477	57.515	2,99	3,06	-	-	6.721,200	32,24
Lauro de Freitas (Município) (291920)	64.220	62.997	3,09	3,15	-	-	57,660	3.441,32
Luís Eduardo Magalhães (Município) (291955)	22.911	20.543	3,82	3,89	-	-	3.940,540	22,21
Madre de Deus (Município) (291992)	6.739	6.393	3,13	3,20	-	-	32,200	655,04
Mata de São João (Município) (292100)	15.273	11.082	3,05	3,12	-	-	604,290	77,09
Paulo Afonso (Município) (292400)	41.039	34.639	2,87	2,93	-	-	1.545,190	76,22
Pojuca (Município) (292520)	12.506	10.533	3,16	3,22	-	-	308,700	128,02
Porto Seguro (Município) (292530)	50.232	41.328	2,96	2,95	-	-	2.287,090	65,01
Ribeira do Pombal (Município) (292660)	18.427	11.579	2,92	2,91	-	-	1.177,450	45,70
Salvador (Município) (292740)	1.008.724	959.820	2,85	2,99	-	-	692,820	4.145,89
Santo Amaro (Município) (292860)	22.840	17.295	2,63	2,69	-	-	489,320	122,76
Santo Antônio de Jesus (Município) (292870)	35.870	31.044	2,83	2,85	-	-	261,740	387,84
Santo Estêvão (Município) (292880)	17.271	10.021	3,06	3,05	-	-	360,330	146,67
São Francisco do Conde (Município) (292920)	12.361	9.926	3,22	3,31	-	-	269,610	147,63
São Sebastião do Passé (Município) (292950)	16.287	12.428	2,72	2,80	-	-	536,580	82,56
Senhor do Bonfim (Município) (293010)	28.943	22.065	2,73	2,77	-	-	789,360	100,10
Serrinha (Município) (293050)	28.573	18.076	2,83	2,75	-	-	583,310	138,62
Simões Filho (Município) (293070)	45.706	40.419	2,94	2,98	-	-	201,580	666,63
Teixeira de Freitas (Município) (293135)	53.675	49.005	2,99	3,06	-	-	1.165,620	137,68
Tucano (Município) (293190)	19.646	8.392	2,58	2,53	-	-	2.185,010	23,20
Valença (Município) (293290)	34.610	25.305	2,79	2,77	-	-	1.124,660	85,86
Vera Cruz (Município) (293320)	15.437	14.278	2,80	2,84	-	-	299,730	144,20
Vitória da Conquista (Município) (293330)	112.452	99.620	3,01	3,07	-	-	3.705,840	91,34
Alfenas (Município) (310160)	29.303	28.199	2,73	2,66	-	-	850,450	94,06
Araguari (Município) (310350)	44.930	42.630	2,61	2,57	-	-	2.729,510	42,96
Araxá (Município) (310400)	36.631	36.721	2,90	2,85	-	-	1.164,060	91,26
Baldim (Município) (310500)	3.261	2.114	2,40	2,37	-	-	556,270	14,07
Barão de Cocais (Município) (310540)	10.445	9.752	3,11	3,02	-	-	340,590	95,38
Barbacena (Município) (310560)	49.932	46.888	2,75	2,68	-	-	759,190	180,87
Belo Horizonte (Município) (310620)	900.517	900.517	2,79	2,79	-	-	331,400	7.580,15
Belo Vale (Município) (310640)	3.123	1.400	2,47	2,41	-	-	365,920	21,08
Betim (Município) (310670)	140.364	142.528	3,13	3,06	-	-	343,860	1.277,69
Bom Despacho (Município) (310740)	18.203	17.455	2,78	2,73	-	-	1.213,550	41,70
Bonfim (Município) (310810)	3.122	1.598	2,20	2,10	-	-	301,870	22,75
Brumadinho (Município) (310900)	13.149	11.270	3,05	3,00	-	-	639,430	62,72
Caeté (Município) (311000)	14.956	13.138	2,99	2,96	-	-	542,530	82,42
Campo Belo (Município) (311120)	21.698	20.975	2,49	2,43	-	-	528,230	102,28
Capim Branco (Município) (311250)	3.318	3.074	2,94	2,89	-	-	95,330	102,32
Caratinga (Município) (311340)	33.599	28.831	2,74	2,64	-	-	1.258,480	73,15
Cataguases (Município) (311530)	29.005	28.538	2,59	2,52	-	-	491,770	152,76
Confins (Município) (311787)	2.130	2.171	3,16	3,10	-	-	42,360	158,90
Congonhas (Município) (311800)	17.552	17.480	3,12	3,05	-	-	304,070	180,10
Conselheiro Lafaiete (Município) (311830)	44.189	43.087	2,91	2,85	-	-	370,250	347,31
Contagem (Município) (311860)	232.117	237.136	2,86	2,79	-	-	195,050	3.403,60
Coronel Fabriciano (Município) (311940)	40.093	40.327	2,74	2,69	-	-	221,250	496,52
Curvelo (Município) (312090)	28.618	26.358	2,80	2,76	-	-	3.296,200	24,31
Divinópolis (Município) (312230)	83.589	82.885	2,85	2,80	-	-	708,120	336,43
Esmeraldas (Município) (312410)	21.576	20.436	3,27	3,22	-	-	909,680	77,56
Florestal (Município) (312600)	2.538	2.168	2,94	2,87	-	-	194,240	38,41
Formiga (Município) (312610)	26.965	25.130	2,51	2,46	-	-	1.501,920	45,06
Fortuna de Minas (Município) (312640)	1.034	721	2,85	2,82	-	-	198,710	14,83
Frutal (Município) (312710)	22.536	20.112	2,64	2,55	-	-	2.426,970	24,51
Funilândia (Município) (312720)	1.474	753	2,95	3,04	-	-	199,800	21,77
Governador Valadares (Município) (312770)	103.279	101.840	2,71	2,64	-	-	2.342,330	119,49
Guaxupé (Município) (312870)	19.816	19.070	2,62	2,56	-	-	286,400	181,28
Ibirité (Município) (312980)	57.573	58.755	3,13	3,06	-	-	72,570	2.483,07
Igarapé (Município) (313010)	12.849	12.224	3,35	3,30	-	-	110,940	388,00
Inhaúma (Município) (313100)	2.076	1.521	3,02	3,01	-	-	245,000	25,60
Ipatinga (Município) (313130)	91.462	92.762	2,88	2,81	-	-	164,880	1.597,55
Itabira (Município) (313170)	39.887	37.930	3,01	2,95	-	-	1.253,700	95,76
Itabirito (Município) (313190)	16.573	16.197	3,13	3,07	-	-	542,610	95,60
Itaguara (Município) (313220)	5.041	3.867	2,65	2,66	-	-	410,470	32,54
Itajubá (Município) (313240)	35.225	32.998	2,75	2,68	-	-	294,840	328,55
Itatiaiuçu (Município) (313370)	3.857	2.417	2,89	2,89	-	-	295,150	37,76
Itaúna (Município) (313380)	33.651	32.142	2,77	2,73	-	-	495,770	188,02
Ituiutaba (Município) (313420)	40.887	39.807	2,56	2,52	-	-	2.598,050	40,29
Jaboticatubas (Município) (313460)	6.737	4.266	2,99	2,96	-	-	1.114,970	18,07
Janaúba (Município) (313510)	23.262	21.511	3,08	3,02	-	-	2.181,320	32,85
Januária (Município) (313520)	22.138	14.695	3,06	2,91	-	-	6.661,590	10,17
João Monlevade (Município) (313620)	27.941	28.309	2,86	2,81	-	-	99,160	805,89
Nova União (Município) (313660)	2.128	1.117	2,69	2,65	-	-	172,130	33,26
Juatuba (Município) (313665)	8.474	8.464	3,18	3,13	-	-	97,170	277,30
Juiz de Fora (Município) (313670)	213.862	216.310	2,66	2,60	-	-	1.435,750	396,22
Lagoa da Prata (Município) (313720)	17.564	17.458	2,97	2,92	-	-	439,980	118,56
Lagoa Santa (Município) (313760)	19.495	18.448	3,31	3,26	-	-	229,410	281,27
Lavras (Município) (313820)	36.412	35.442	2,85	2,79	-	-	564,740	183,75
Leopoldina (Município) (313840)	20.868	19.186	2,52	2,45	-	-	943,080	55,76
Manhuaçu (Município) (313940)	30.278	25.617	2,98	2,87	-	-	628,320	143,60
Mariana (Município) (314000)	19.844	18.026	3,06	2,96	-	-	1.194,210	50,85
Mário Campos (Município) (314015)	4.818	4.622	3,20	3,15	-	-	35,200	438,00
Mateus Leme (Município) (314070)	10.719	9.664	2,90	2,85	-	-	301,380	103,14
Matozinhos (Município) (314110)	12.400	11.502	3,05	2,99	-	-	252,280	149,91
Moeda (Município) (314230)	1.877	782	2,62	2,40	-	-	155,110	31,71
Montes Claros (Município) (314330)	129.950	126.072	3,15	3,09	-	-	3.568,940	114,70
Muriaé (Município) (314390)	41.355	39.307	2,63	2,56	-	-	841,690	129,22
Nova Lima (Município) (314480)	30.123	30.039	3,15	3,09	-	-	429,000	221,18
Nova Serrana (Município) (314520)	26.813	25.828	3,83	3,76	-	-	282,470	363,55
Ouro Preto (Município) (314610)	25.703	22.989	2,89	2,81	-	-	1.245,870	59,62
Paracatu (Município) (314700)	30.051	26.424	3,10	3,07	-	-	8.229,600	11,32
Pará de Minas (Município) (314710)	32.071	31.055	2,93	2,86	-	-	551,250	170,47
Passos (Município) (314790)	41.854	40.749	2,74	2,67	-	-	1.338,070	85,70
Patos de Minas (Município) (314800)	57.761	53.797	2,64	2,61	-	-	3.190,190	47,80
Patrocínio (Município) (314810)	31.957	28.698	2,84	2,79	-	-	2.874,340	31,57
Pedro Leopoldo (Município) (314930)	22.082	19.310	2,91	2,83	-	-	292,950	219,35
Pirapora (Município) (315120)	19.128	19.232	2,95	2,88	-	-	549,510	102,69
Poços de Caldas (Município) (315180)	63.649	63.302	2,63	2,58	-	-	546,670	306,21
Ponte Nova (Município) (315210)	22.459	20.733	2,66	2,57	-	-	470,640	126,94
Pouso Alegre (Município) (315250)	50.414	47.104	2,99	2,93	-	-	542,800	277,70
Prudente de Morais (Município) (315360)	3.375	3.306	3,18	3,12	-	-	124,190	86,42
Raposos (Município) (315390)	5.525	5.367	2,96	2,89	-	-	72,230	226,42
Ribeirão das Neves (Município) (315460)	106.304	107.926	3,15	3,08	-	-	155,450	2.154,06
Rio Acima (Município) (315480)	3.284	2.917	3,14	3,09	-	-	229,810	44,87
Rio Manso (Município) (315530)	2.136	1.138	2,73	2,73	-	-	231,540	25,19
Sabará (Município) (315670)	46.062	45.672	2,96	2,91	-	-	302,420	450,84
Santa Bárbara (Município) (315720)	10.137	9.195	3,09	3,03	-	-	684,060	45,79
Santa Luzia (Município) (315780)	73.535	74.582	2,98	2,93	-	-	235,080	932,18
São Francisco (Município) (316110)	17.172	11.434	3,28	3,13	-	-	3.308,100	17,03
São João del Rei (Município) (316250)	34.382	33.398	2,62	2,55	-	-	1.452,000	62,04
São Joaquim de Bicas (Município) (316292)	8.421	6.764	3,75	3,40	-	-	71,760	440,06
São José da Lapa (Município) (316295)	7.011	4.159	3,39	3,29	-	-	47,930	495,85
São José da Varginha (Município) (316310)	1.625	955	3,08	2,96	-	-	205,500	24,35
São Sebastião do Paraíso (Município) (316470)	26.183	24.612	2,71	2,66	-	-	814,930	87,07
Sarzedo (Município) (316553)	9.048	9.151	3,62	3,54	-	-	62,130	527,12
Sete Lagoas (Município) (316720)	79.089	78.995	3,03	2,96	-	-	536,640	446,55
Taquaraçu de Minas (Município) (316830)	1.461	712	2,79	2,65	-	-	329,290	12,38
Teófilo Otoni (Município) (316860)	51.124	43.178	2,75	2,66	-	-	3.242,270	43,36
Timóteo (Município) (316870)	30.663	31.367	2,93	2,86	-	-	144,380	622,26
Três Corações (Município) (316930)	27.127	25.407	2,93	2,83	-	-	828,040	95,99
Três Pontas (Município) (316940)	20.266	17.993	2,80	2,71	-	-	689,790	82,27
Ubá (Município) (316990)	40.262	39.549	2,87	2,81	-	-	407,450	283,60
Uberaba (Município) (317010)	121.376	121.311	2,75	2,69	-	-	4.523,960	73,78
Uberlândia (Município) (317020)	246.016	244.414	2,81	2,75	-	-	4.115,210	167,99
Unaí (Município) (317040)	30.683	25.300	2,75	2,68	-	-	8.448,080	9,99
Varginha (Município) (317070)	47.233	46.832	2,87	2,80	-	-	395,400	342,84
Vespasiano (Município) (317120)	36.879	37.752	3,46	3,38	-	-	71,080	1.795,17
Viçosa (Município) (317130)	28.567	27.215	2,76	2,70	-	-	299,420	263,33
Aracruz (Município) (320060)	31.435	28.418	3,22	3,11	-	-	1.423,870	71,09
Cachoeiro de Itapemirim (Município) (320120)	80.066	76.109	2,61	2,51	-	-	864,580	241,70
Cariacica (Município) (320130)	145.529	144.767	2,62	2,55	-	-	279,720	1.363,10
Colatina (Município) (320150)	49.000	44.372	2,50	2,43	-	-	1.416,800	86,46
Fundão (Município) (320220)	7.029	6.137	3,06	2,96	-	-	288,720	74,50
Guarapari (Município) (320240)	44.434	43.669	2,81	2,73	-	-	591,820	210,98
Linhares (Município) (320320)	55.272	49.441	3,14	3,02	-	-	3.496,560	49,64
São Mateus (Município) (320490)	43.683	35.044	2,99	2,89	-	-	2.345,730	55,68
Serra (Município) (320500)	164.289	168.508	3,15	3,05	-	-	547,640	944,99
Viana (Município) (320510)	25.320	24.249	3,09	2,96	-	-	312,280	250,54
Vila Velha (Município) (320520)	177.640	183.374	2,78	2,68	-	-	209,970	2.352,00
Vitória (Município) (320530)	140.054	140.054	2,59	2,59	-	-	96,540	3.750,90
Angra dos Reis (Município) (330010)	66.379	64.152	3,07	3,06	-	-	825,080	246,99
Araruama (Município) (330020)	44.579	42.669	2,97	2,95	-	-	638,480	207,37
Barra do Piraí (Município) (330030)	38.020	36.889	2,64	2,64	-	-	584,610	171,69
Barra Mansa (Município) (330040)	69.589	69.480	2,65	2,63	-	-	547,130	337,05
Belford Roxo (Município) (330045)	179.896	179.896	2,84	2,84	-	-	78,990	6.468,39
Cabo Frio (Município) (330070)	74.270	55.103	3,05	3,01	-	-	413,650	547,63
Cachoeiras de Macacu (Município) (330080)	22.074	19.093	2,67	2,67	-	-	954,750	61,73
Campos dos Goytacazes (Município) (330100)	175.622	159.683	2,89	2,87	-	-	4.032,440	125,87
Duque de Caxias (Município) (330170)	333.187	332.053	2,76	2,76	-	-	467,270	1.968,01
Guapimirim (Município) (330185)	19.585	18.924	3,09	3,09	-	-	358,350	168,88
Itaboraí (Município) (330190)	85.620	85.207	2,81	2,79	-	-	430,590	558,75
Itaguaí (Município) (330200)	43.901	41.936	3,03	3,03	-	-	273,370	486,59
Itaperuna (Município) (330220)	39.398	36.466	2,62	2,61	-	-	1.106,170	93,32
Japeri (Município) (330227)	35.157	35.039	2,98	2,99	-	-	81,700	1.282,40
Macaé (Município) (330240)	83.607	82.042	3,07	3,07	-	-	1.215,290	211,20
Magé (Município) (330250)	86.905	82.577	2,82	2,81	-	-	393,910	622,14
Maricá (Município) (330270)	53.380	52.905	3,02	3,00	-	-	362,000	445,33
Mesquita (Município) (330285)	65.710	65.466	2,68	2,69	-	-	41,490	4.244,47
Nilópolis (Município) (330320)	62.017	62.494	2,62	2,60	-	-	19,390	8.378,54
Niterói (Município) (330330)	208.774	208.774	2,46	2,46	-	-	134,070	3.830,60
Nova Friburgo (Município) (330340)	78.773	68.948	2,42	2,42	-	-	935,430	203,79
Nova Iguaçu (Município) (330350)	305.252	303.046	2,69	2,68	-	-	520,810	1.576,65
Paracambi (Município) (330360)	19.072	16.583	2,74	2,79	-	-	190,950	273,67
Petrópolis (Município) (330390)	119.140	112.811	2,57	2,58	-	-	791,140	387,02
Queimados (Município) (330414)	52.194	52.376	2,88	2,87	-	-	75,700	1.985,69
Resende (Município) (330420)	47.935	45.122	2,74	2,73	-	-	1.099,340	119,47
Rio Bonito (Município) (330430)	21.272	16.259	2,83	2,75	-	-	459,460	131,03
Rio das Ostras (Município) (330452)	43.674	41.651	3,45	3,42	-	-	228,110	660,52
Rio de Janeiro (Município) (330455)	2.579.289	2.579.289	2,60	2,60	-	-	1.200,180	5.598,26
São Gonçalo (Município) (330490)	403.286	402.992	2,69	2,69	-	-	248,320	4.368,73
São João de Meriti (Município) (330510)	180.998	182.396	2,61	2,59	-	-	35,220	13.414,53
São Pedro da Aldeia (Município) (330520)	34.481	32.448	3,03	3,01	-	-	332,920	313,82
Saquarema (Município) (330550)	28.765	27.389	3,10	3,09	-	-	352,800	252,75
Seropédica (Município) (330555)	28.189	23.418	2,92	2,89	-	-	283,630	290,20
Tanguá (Município) (330575)	12.038	10.669	2,85	2,87	-	-	142,530	240,72
Teresópolis (Município) (330580)	66.398	59.720	2,75	2,73	-	-	773,340	236,11
Três Rios (Município) (330600)	29.747	28.981	2,75	2,74	-	-	322,840	253,39
Valença (Município) (330610)	28.553	24.916	2,68	2,66	-	-	1.300,770	58,83
Volta Redonda (Município) (330630)	103.807	104.156	2,63	2,62	-	-	182,110	1.499,20
Americana (Município) (350160)	86.811	86.405	2,76	2,76	-	-	133,910	1.789,21
Amparo (Município) (350190)	26.445	21.123	2,73	2,69	-	-	445,320	162,12
Andradina (Município) (350210)	23.521	21.955	2,43	2,43	-	-	964,230	59,28
Araçatuba (Município) (350280)	78.181	76.673	2,52	2,52	-	-	1.167,130	168,80
Araraquara (Município) (350320)	88.087	85.903	2,68	2,67	-	-	1.003,630	235,22
Araras (Município) (350330)	46.448	44.100	2,89	2,88	-	-	644,830	208,17
Artur Nogueira (Município) (350380)	17.163	15.491	3,17	3,18	-	-	178,030	305,62
Arujá (Município) (350390)	27.385	26.213	3,28	3,29	-	-	96,170	934,04
Assis (Município) (350400)	40.303	39.149	2,59	2,55	-	-	460,610	226,63
Atibaia (Município) (350410)	49.059	45.116	2,91	2,88	-	-	478,520	298,34
Avaré (Município) (350450)	33.826	32.381	2,68	2,68	-	-	1.213,060	74,73
Barretos (Município) (350550)	46.602	45.011	2,62	2,63	-	-	1.566,160	77,96
Barueri (Município) (350570)	92.317	92.317	2,97	2,97	-	-	65,700	4.173,18
Batatais (Município) (350590)	22.730	20.249	2,75	2,73	-	-	849,530	73,58
Bauru (Município) (350600)	141.661	139.817	2,66	2,65	-	-	667,680	564,37
Bebedouro (Município) (350610)	30.631	29.422	2,53	2,51	-	-	683,190	113,43
Bertioga (Município) (350635)	18.494	18.192	3,42	3,42	-	-	491,550	128,67
Birigui (Município) (350650)	45.623	44.427	2,71	2,70	-	-	530,030	233,27
Biritiba-Mirim (Município) (350660)	10.758	9.234	3,03	3,03	-	-	317,410	102,70
Boituva (Município) (350700)	18.654	17.710	3,27	3,24	-	-	248,950	245,01
Botucatu (Município) (350750)	52.508	50.956	2,79	2,77	-	-	1.482,640	98,81
Bragança Paulista (Município) (350760)	57.370	55.805	2,94	2,93	-	-	512,580	329,05
Caçapava (Município) (350850)	31.954	27.341	2,95	2,95	-	-	368,990	255,46
Caieiras (Município) (350900)	32.522	31.616	3,12	3,13	-	-	97,640	1.039,20
Cajamar (Município) (350920)	24.616	24.043	3,12	3,13	-	-	131,390	584,54
Campinas (Município) (350950)	447.611	441.555	2,69	2,68	-	-	794,570	1.515,37
Campo Limpo Paulista (Município) (350960)	28.217	28.217	3,00	3,00	-	-	79,400	1.066,08
Campos do Jordão (Município) (350970)	18.471	18.291	2,82	2,83	-	-	290,520	179,29
Capivari (Município) (351040)	17.932	17.110	3,11	3,08	-	-	322,880	172,72
Caraguatatuba (Município) (351050)	40.783	39.229	2,98	2,97	-	-	484,950	250,61
Carapicuíba (Município) (351060)	139.211	140.184	2,88	2,86	-	-	34,550	11.605,60
Catanduva (Município) (351110)	47.977	47.780	2,54	2,53	-	-	290,600	419,35
Cosmópolis (Município) (351280)	22.792	21.168	3,17	3,17	-	-	154,670	467,15
Cotia (Município) (351300)	75.290	75.290	3,31	3,31	-	-	323,990	769,18
Cruzeiro (Município) (351340)	29.905	29.143	2,75	2,75	-	-	305,700	269,02
Cubatão (Município) (351350)	46.680	47.016	2,80	2,78	-	-	142,880	914,80
Diadema (Município) (351380)	150.848	150.848	2,81	2,81	-	-	30,730	13.792,92
Embu das Artes (Município) (351500)	87.174	87.733	3,14	3,12	-	-	70,400	3.888,26
Embu-Guaçu (Município) (351510)	23.284	22.663	2,98	2,98	-	-	155,640	445,80
Fernandópolis (Município) (351550)	28.211	27.347	2,45	2,45	-	-	549,800	125,71
Ferraz de Vasconcelos (Município) (351570)	62.069	59.474	3,13	3,12	-	-	29,560	6.571,37
Franca (Município) (351620)	125.244	123.924	2,82	2,80	-	-	605,680	583,13
Francisco Morato (Município) (351630)	56.180	56.066	3,13	3,13	-	-	49,000	3.588,58
Franco da Rocha (Município) (351640)	46.393	45.183	3,33	3,15	-	-	132,780	1.163,54
Guararema (Município) (351830)	9.966	8.491	2,99	3,02	-	-	270,820	110,03
Guaratinguetá (Município) (351840)	44.130	42.039	2,76	2,76	-	-	752,640	161,83
Guarujá (Município) (351870)	109.372	109.351	2,93	2,93	-	-	144,790	2.213,21
Guarulhos (Município) (351880)	462.813	462.813	2,98	2,98	-	-	318,680	4.327,86
Hortolândia (Município) (351907)	70.813	70.813	3,26	3,26	-	-	62,420	3.698,59
Ibitinga (Município) (351960)	21.517	20.741	2,79	2,78	-	-	689,390	87,08
Ibiúna (Município) (351970)	27.580	9.589	2,86	2,88	-	-	1.058,080	74,55
Indaiatuba (Município) (352050)	77.903	77.120	3,23	3,23	-	-	311,550	807,67
Itanhaém (Município) (352210)	36.233	35.894	2,81	2,81	-	-	601,710	169,21
Itapecerica da Serra (Município) (352220)	54.733	54.279	3,21	3,21	-	-	150,740	1.165,52
Itapetininga (Município) (352230)	54.452	50.261	3,01	2,96	-	-	1.789,350	91,60
Itapeva (Município) (352240)	34.311	29.128	2,75	2,73	-	-	1.826,260	51,67
Itapevi (Município) (352250)	73.364	73.820	3,24	3,22	-	-	82,660	2.875,70
Itapira (Município) (352260)	27.389	25.407	2,73	2,73	-	-	518,420	144,23
Itaquaquecetuba (Município) (352310)	114.805	114.805	3,23	3,23	-	-	82,620	4.488,16
Itararé (Município) (352320)	19.499	18.079	2,59	2,58	-	-	1.003,860	50,31
Itatiba (Município) (352340)	39.756	33.786	3,04	3,02	-	-	322,280	375,01
Itu (Município) (352390)	59.773	56.136	2,91	2,90	-	-	640,720	271,47
Itupeva (Município) (352400)	16.781	14.653	3,65	3,63	-	-	200,820	305,02
Jaboticabal (Município) (352430)	29.156	28.394	2,65	2,64	-	-	706,600	109,34
Jacareí (Município) (352440)	82.275	81.139	2,84	2,84	-	-	464,270	503,29
Jaguariúna (Município) (352470)	17.161	16.716	3,35	3,34	-	-	141,390	406,59
Jandira (Município) (352500)	41.507	41.507	3,01	3,01	-	-	17,450	7.160,12
Jaú (Município) (352530)	52.536	51.072	2,86	2,85	-	-	687,100	218,67
Jundiaí (Município) (352590)	151.250	146.328	2,77	2,74	-	-	431,210	971,60
Juquitiba (Município) (352620)	11.352	8.629	2,77	2,82	-	-	522,170	60,22
Leme (Município) (352670)	35.900	35.037	2,88	2,89	-	-	402,870	256,64
Lençóis Paulista (Município) (352680)	23.276	22.832	2,94	2,93	-	-	809,540	84,53
Limeira (Município) (352690)	108.167	104.940	2,83	2,83	-	-	580,710	527,14
Lins (Município) (352710)	29.439	29.095	2,65	2,65	-	-	570,060	136,85
Lorena (Município) (352720)	32.140	31.447	2,76	2,74	-	-	414,160	214,18
Mairiporã (Município) (352850)	29.464	26.291	3,40	3,33	-	-	320,700	312,38
Marília (Município) (352900)	88.148	84.820	2,71	2,69	-	-	1.170,520	204,08
Matão (Município) (352930)	30.465	29.906	2,73	2,73	-	-	524,900	158,45
Mauá (Município) (352940)	160.309	160.309	2,95	2,95	-	-	61,910	7.638,82
Mirassol (Município) (353030)	22.406	21.922	2,67	2,66	-	-	243,230	245,96
Mococa (Município) (353050)	26.292	24.253	2,62	2,62	-	-	855,160	80,55
Mogi das Cruzes (Município) (353060)	149.111	138.321	2,99	2,97	-	-	712,540	625,71
Mogi Guaçu (Município) (353070)	53.861	51.315	2,82	2,81	-	-	812,750	186,88
Mogi Mirim (Município) (353080)	34.902	32.905	2,67	2,65	-	-	497,710	187,24
Mongaguá (Município) (353110)	18.652	18.449	3,04	3,06	-	-	143,210	395,95
Monte Alto (Município) (353130)	19.201	18.406	2,63	2,62	-	-	346,950	145,55
Monte Mor (Município) (353180)	18.391	17.382	3,25	3,23	-	-	240,570	248,46
Nova Odessa (Município) (353340)	20.261	19.863	2,97	2,98	-	-	73,790	815,50
Olímpia (Município) (353390)	20.591	19.447	2,66	2,66	-	-	802,560	68,25
Osasco (Município) (353440)	260.604	260.604	2,68	2,68	-	-	64,950	10.752,50
Ourinhos (Município) (353470)	42.053	41.272	2,70	2,68	-	-	295,820	383,82
Paulínia (Município) (353650)	30.651	30.795	3,57	3,55	-	-	138,780	788,49
Penápolis (Município) (353730)	24.294	23.292	2,61	2,60	-	-	711,320	89,14
Peruíbe (Município) (353760)	24.741	24.464	2,76	2,76	-	-	326,220	209,32
Piedade (Município) (353780)	19.909	9.238	2,78	2,73	-	-	746,870	74,11
Pindamonhangaba (Município) (353800)	55.190	53.031	3,05	3,06	-	-	730,000	230,59
Piracicaba (Município) (353870)	145.375	141.743	2,78	2,79	-	-	1.378,070	293,27
Pirapora do Bom Jesus (Município) (353910)	5.607	5.590	3,37	3,38	-	-	108,490	174,17
Pirassununga (Município) (353930)	29.053	26.723	2,63	2,62	-	-	727,120	105,08
Poá (Município) (353980)	39.282	38.532	2,99	3,00	-	-	17,260	6.803,29
Porto Feliz (Município) (354060)	18.763	15.883	2,83	2,81	-	-	556,710	95,38
Porto Ferreira (Município) (354070)	20.418	20.052	2,75	2,75	-	-	244,910	229,27
Praia Grande (Município) (354100)	105.887	105.887	3,07	3,07	-	-	149,250	2.178,00
Presidente Prudente (Município) (354140)	86.975	85.853	2,63	2,61	-	-	560,640	408,01
Registro (Município) (354260)	21.254	18.939	2,65	2,64	-	-	722,200	77,99
Ribeirão Pires (Município) (354330)	43.448	43.448	2,84	2,84	-	-	99,080	1.245,45
Ribeirão Preto (Município) (354340)	250.282	249.572	2,81	2,81	-	-	650,920	1.080,47
Rio Claro (Município) (354390)	76.738	75.431	2,69	2,67	-	-	498,420	414,16
Rio Grande da Serra (Município) (354410)	16.949	16.949	3,00	3,00	-	-	36,340	1.399,14
Salesópolis (Município) (354500)	6.014	3.815	2,85	2,86	-	-	425,000	40,33
Salto (Município) (354520)	40.918	40.631	2,90	2,90	-	-	133,060	891,82
Santa Bárbara d'Oeste (Município) (354580)	70.870	70.314	2,73	2,73	-	-	271,030	713,85
Santa Isabel (Município) (354680)	19.586	15.369	2,93	2,93	-	-	363,330	157,94
Santana de Parnaíba (Município) (354730)	40.186	40.186	3,47	3,47	-	-	179,950	774,93
Santo André (Município) (354780)	277.519	277.519	2,59	2,59	-	-	175,780	4.089,00
Santos (Município) (354850)	187.581	187.440	2,31	2,31	-	-	281,030	1.541,85
São Bernardo do Campo (Município) (354870)	306.181	303.273	2,74	2,72	-	-	409,530	2.048,52
São Caetano do Sul (Município) (354880)	64.971	64.971	2,48	2,48	-	-	15,330	10.509,88
São Carlos (Município) (354890)	91.965	88.281	2,74	2,74	-	-	1.136,910	221,64
São João da Boa Vista (Município) (354910)	35.491	34.208	2,57	2,56	-	-	516,400	176,63
São Joaquim da Barra (Município) (354940)	18.531	18.199	2,80	2,80	-	-	410,860	126,29
São José do Rio Pardo (Município) (354970)	20.426	18.292	2,69	2,66	-	-	419,680	130,92
São José do Rio Preto (Município) (354980)	175.829	166.432	2,62	2,60	-	-	431,940	1.066,51
São José dos Campos (Município) (354990)	243.079	238.134	2,97	2,97	-	-	1.099,410	656,67
São Lourenço da Serra (Município) (354995)	5.533	5.002	2,86	2,88	-	-	186,460	84,87
São Paulo (Município) (355030)	4.466.978	4.417.429	2,74	2,75	-	-	1.521,110	8.054,66
São Roque (Município) (355060)	30.339	27.982	3,00	2,95	-	-	306,910	296,56
São Sebastião (Município) (355070)	30.163	29.823	2,95	2,95	-	-	402,400	221,13
São Vicente (Município) (355100)	130.177	129.931	2,81	2,81	-	-	148,100	2.469,94
Sertãozinho (Município) (355170)	42.505	42.002	2,96	2,96	-	-	403,090	312,13
Sorocaba (Município) (355220)	229.520	226.419	2,96	2,97	-	-	450,380	1.508,45
Sumaré (Município) (355240)	94.147	92.730	3,00	3,01	-	-	153,470	1.840,43
Suzano (Município) (355250)	96.012	92.632	3,10	3,10	-	-	206,240	1.443,19
Taboão da Serra (Município) (355280)	92.250	92.250	3,14	3,14	-	-	20,390	14.207,57
Taquaritinga (Município) (355370)	22.422	21.335	2,55	2,54	-	-	594,340	96,20
Tatuí (Município) (355400)	41.558	39.595	2,93	2,93	-	-	523,750	232,49
Taubaté (Município) (355410)	107.851	105.524	2,92	2,92	-	-	625,000	503,88
Tupã (Município) (355500)	26.965	25.883	2,43	2,43	-	-	627,990	104,34
Ubatuba (Município) (355540)	32.084	31.536	2,83	2,81	-	-	708,110	128,23
Valinhos (Município) (355620)	42.921	40.981	3,01	3,00	-	-	148,540	869,76
Vargem Grande Paulista (Município) (355645)	16.036	16.036	3,28	3,28	-	-	42,490	1.237,90
Várzea Paulista (Município) (355650)	40.478	40.478	3,01	3,01	-	-	35,120	3.469,19
Vinhedo (Município) (355670)	24.680	23.979	3,19	3,18	-	-	81,600	964,76
Votorantim (Município) (355700)	40.827	39.533	3,00	2,98	-	-	183,520	667,40
Votuporanga (Município) (355710)	37.519	36.467	2,52	2,52	-	-	420,700	224,74
Adrianópolis (Município) (410020)	2.529	835	2,34	2,29	-	-	1.349,340	4,39
Agudos do Sul (Município) (410030)	3.166	1.103	2,96	2,90	-	-	192,260	48,74
Almirante Tamandaré (Município) (410040)	37.186	36.549	3,19	3,11	-	-	194,740	609,12
Apucarana (Município) (410140)	47.367	45.821	2,85	2,78	-	-	558,390	241,76
Arapongas (Município) (410150)	40.469	40.509	3,04	2,97	-	-	382,220	321,88
Araucária (Município) (410180)	43.326	40.820	3,32	3,26	-	-	469,240	306,54
Balsa Nova (Município) (410230)	4.314	2.667	3,00	2,95	-	-	348,930	37,09
Bocaiúva do Sul (Município) (410310)	3.958	1.888	3,27	3,20	-	-	826,340	15,66
Cambé (Município) (410370)	37.644	36.823	2,83	2,78	-	-	495,380	215,06
Campina Grande do Sul (Município) (410400)	14.239	12.015	3,04	2,97	-	-	539,250	80,28
Campo Largo (Município) (410420)	41.905	35.798	3,15	3,09	-	-	1.243,550	106,15
Campo Magro (Município) (410425)	9.049	7.254	3,24	3,18	-	-	275,350	106,47
Campo Mourão (Município) (410430)	34.875	33.941	2,72	2,65	-	-	757,880	125,16
Cascavel (Município) (410480)	112.100	109.124	2,93	2,84	-	-	2.100,830	156,34
Castro (Município) (410490)	24.735	18.485	2,89	2,84	-	-	2.531,500	28,24
Cerro Azul (Município) (410520)	6.442	1.934	2,76	2,61	-	-	1.341,190	13,26
Cianorte (Município) (410550)	27.449	24.934	3,01	2,95	-	-	811,670	101,79
Colombo (Município) (410580)	78.117	75.997	3,12	3,06	-	-	197,790	1.232,23
Contenda (Município) (410620)	5.736	3.363	3,24	3,21	-	-	299,040	62,15
Curitiba (Município) (410690)	717.189	717.189	2,70	2,70	-	-	435,040	4.443,55
Fazenda Rio Grande (Município) (410765)	28.879	27.399	3,47	3,40	-	-	116,680	858,85
Foz do Iguaçu (Município) (410830)	99.435	100.544	2,60	2,55	-	-	618,350	418,10
Francisco Beltrão (Município) (410840)	31.520	27.896	2,89	2,79	-	-	735,110	123,92
Guarapuava (Município) (410940)	62.804	58.849	2,89	2,82	-	-	3.178,650	57,10
Ibiporã (Município) (410980)	18.684	18.165	2,92	2,86	-	-	297,740	183,24
Irati (Município) (411070)	21.923	17.913	2,77	2,71	-	-	999,520	60,76
Itaperuçu (Município) (411125)	8.373	7.162	3,42	3,34	-	-	320,580	89,32
Lapa (Município) (411320)	17.578	10.807	2,74	2,70	-	-	2.093,860	23,00
Londrina (Município) (411370)	203.476	202.523	2,80	2,74	-	-	1.652,570	344,76
Mandirituba (Município) (411430)	8.167	2.725	3,29	3,29	-	-	379,180	70,86
Marechal Cândido Rondon (Município) (411460)	19.393	16.705	2,73	2,65	-	-	748,000	70,78
Maringá (Município) (411520)	142.170	142.970	2,98	2,91	-	-	487,050	869,86
Palmas (Município) (411760)	14.693	14.080	3,47	3,36	-	-	1.557,890	32,73
Paranaguá (Município) (411820)	50.141	49.121	3,09	3,04	-	-	826,670	187,42
Paranavaí (Município) (411840)	32.731	31.891	2,70	2,64	-	-	1.202,270	73,51
Pato Branco (Município) (411850)	28.679	27.555	2,89	2,83	-	-	539,090	153,74
Pinhais (Município) (411915)	43.761	44.799	3,02	2,95	-	-	60,870	2.171,17
Piraquara (Município) (411950)	31.752	16.963	3,56	3,27	-	-	227,040	497,86
Ponta Grossa (Município) (411990)	116.856	116.997	3,01	2,94	-	-	2.054,730	171,18
Prudentópolis (Município) (412060)	18.330	8.778	2,85	2,74	-	-	2.236,580	23,36
Quatro Barras (Município) (412080)	7.385	6.824	3,19	3,12	-	-	180,470	130,54
Quitandinha (Município) (412120)	6.479	1.925	2,94	2,83	-	-	447,020	42,61
Rio Branco do Sul (Município) (412220)	11.367	8.293	2,85	2,81	-	-	812,290	39,88
Rolândia (Município) (412240)	22.569	21.951	2,95	2,87	-	-	459,020	145,05
São José dos Pinhais (Município) (412550)	97.982	90.035	3,30	3,22	-	-	946,440	341,64
Sarandi (Município) (412625)	31.805	32.279	3,04	2,97	-	-	103,460	934,52
Telêmaco Borba (Município) (412710)	26.680	26.859	2,96	2,88	-	-	1.382,860	57,11
Tijucas do Sul (Município) (412760)	5.567	908	3,03	2,92	-	-	671,890	25,11
Toledo (Município) (412770)	47.673	44.462	2,95	2,87	-	-	1.197,000	117,49
Tunas do Paraná (Município) (412788)	2.139	979	4,10	4,00	-	-	668,480	13,12
Umuarama (Município) (412810)	41.471	39.375	2,69	2,63	-	-	1.234,540	90,36
União da Vitória (Município) (412820)	20.252	19.610	2,84	2,78	-	-	720,000	79,88
Doutor Ulysses (Município) (412863)	2.130	356	2,62	2,54	-	-	777,480	7,18
Águas Mornas (Município) (420060)	2.223	952	2,91	2,85	-	-	327,360	19,76
Alfredo Wagner (Município) (420070)	3.905	1.285	2,57	2,38	-	-	732,770	13,70
Angelina (Município) (420090)	2.153	494	2,23	2,08	-	-	500,040	9,60
Anitápolis (Município) (420110)	1.424	624	2,27	2,12	-	-	542,120	5,96
Antônio Carlos (Município) (420120)	2.998	982	2,84	2,72	-	-	233,570	36,45
Araranguá (Município) (420140)	26.242	21.964	2,60	2,56	-	-	303,300	224,95
Balneário Camboriú (Município) (420200)	51.556	52.507	2,76	2,71	-	-	46,240	3.077,05
Biguaçu (Município) (420230)	23.778	21.856	2,88	2,84	-	-	367,890	186,14
Blumenau (Município) (420240)	133.283	130.054	2,68	2,62	-	-	518,500	688,91
Brusque (Município) (420290)	43.600	42.997	3,09	3,03	-	-	283,220	475,68
Caçador (Município) (420300)	29.002	26.914	2,71	2,66	-	-	984,290	79,85
Camboriú (Município) (420320)	24.125	22.981	3,44	3,43	-	-	212,320	390,87
Canelinha (Município) (420370)	4.235	2.696	2,89	2,88	-	-	152,560	80,23
Canoinhas (Município) (420380)	21.502	16.393	2,53	2,47	-	-	1.140,390	47,70
Chapecó (Município) (420420)	77.322	72.872	2,85	2,77	-	-	626,060	351,99
Concórdia (Município) (420430)	30.219	25.181	2,47	2,37	-	-	799,450	93,37
Criciúma (Município) (420460)	81.202	81.611	2,65	2,60	-	-	235,700	912,96
Florianópolis (Município) (420540)	199.798	196.202	2,51	2,46	-	-	675,410	741,73
Garopaba (Município) (420570)	8.013	6.986	2,88	2,79	-	-	115,410	199,97
Gaspar (Município) (420590)	23.606	19.451	2,95	2,91	-	-	386,780	180,05
Governador Celso Ramos (Município) (420600)	5.420	5.166	2,67	2,64	-	-	117,190	123,49
Içara (Município) (420700)	24.425	22.877	2,31	2,26	-	-	228,930	246,46
Indaial (Município) (420750)	22.837	22.329	3,04	3,00	-	-	430,790	161,16
Itajaí (Município) (420820)	75.964	73.119	2,89	2,84	-	-	288,290	761,52
Itapema (Município) (420830)	19.732	19.597	3,31	3,25	-	-	57,800	1.129,91
Jaraguá do Sul (Município) (420890)	59.232	56.273	3,00	2,93	-	-	529,450	335,63
Joinville (Município) (420910)	210.881	207.449	2,80	2,75	-	-	1.126,110	524,34
Lages (Município) (420930)	65.101	64.744	2,42	2,39	-	-	2.631,500	59,87
Leoberto Leal (Município) (420980)	1.376	363	2,21	2,04	-	-	291,210	10,44
Mafra (Município) (421010)	21.904	17.374	2,57	2,53	-	-	1.404,030	40,09
Major Gercino (Município) (421020)	1.416	568	2,43	2,31	-	-	306,180	11,24
Navegantes (Município) (421130)	24.394	23.546	3,34	3,28	-	-	112,030	727,27
Nova Trento (Município) (421150)	5.052	3.850	2,88	2,83	-	-	402,890	36,11
Palhoça (Município) (421190)	56.512	56.611	3,04	2,99	-	-	395,130	434,78
Paulo Lopes (Município) (421230)	2.776	2.029	2,70	2,66	-	-	449,680	16,67
Rancho Queimado (Município) (421430)	1.235	617	2,33	2,19	-	-	286,290	10,05
Rio do Sul (Município) (421480)	26.125	24.788	2,72	2,66	-	-	260,970	272,30
Santo Amaro da Imperatriz (Município) (421570)	8.099	6.225	2,87	2,82	-	-	344,050	67,56
São Bento do Sul (Município) (421580)	31.415	30.255	2,69	2,66	-	-	501,630	168,46
São Bonifácio (Município) (421590)	1.290	302	2,20	2,14	-	-	460,360	6,16
São Francisco do Sul (Município) (421620)	17.811	16.826	2,96	2,91	-	-	498,650	105,73
São João Batista (Município) (421630)	10.693	9.645	3,50	3,48	-	-	200,580	186,58
São José (Município) (421660)	91.328	91.946	2,70	2,65	-	-	150,450	1.638,96
São Pedro de Alcântara (Município) (421725)	1.482	1.071	3,93	4,31	-	-	140,020	41,59
Tijucas (Município) (421800)	12.845	11.009	2,99	2,93	-	-	279,580	137,37
Tubarão (Município) (421870)	42.962	39.404	2,46	2,43	-	-	301,760	350,24
Videira (Município) (421930)	20.254	18.752	2,62	2,57	-	-	384,520	138,00
Xanxerê (Município) (421950)	18.143	16.565	2,81	2,73	-	-	377,760	134,96
Alegrete (Município) (430040)	32.852	29.708	2,24	2,22	-	-	7.803,950	9,43
Alvorada (Município) (430060)	72.519	74.051	2,90	2,84	-	-	71,310	2.949,12
Araricá (Município) (430087)	1.972	1.666	2,89	2,81	-	-	35,150	162,09
Arroio dos Ratos (Município) (430110)	5.615	5.412	2,52	2,49	-	-	425,930	33,22
Bagé (Município) (430160)	46.773	40.725	2,59	2,49	-	-	4.093,580	29,59
Bento Gonçalves (Município) (430210)	42.866	40.896	2,81	2,72	-	-	274,070	439,50
Cachoeira do Sul (Município) (430300)	36.697	31.814	2,24	2,21	-	-	3.735,160	22,01
Cachoeirinha (Município) (430310)	46.533	47.379	2,80	2,75	-	-	44,020	2.959,99
Camaquã (Município) (430350)	25.099	20.595	2,64	2,53	-	-	1.679,430	39,45
Campo Bom (Município) (430390)	23.741	23.410	2,81	2,72	-	-	60,510	1.102,50
Canguçu (Município) (430450)	21.229	8.856	2,64	2,34	-	-	3.525,290	15,90
Canoas (Município) (430460)	125.132	128.376	2,77	2,70	-	-	131,100	2.643,99
Capão da Canoa (Município) (430463)	15.649	15.883	3,39	3,32	-	-	97,100	546,33
Capela de Santana (Município) (430468)	4.592	2.844	2,60	2,50	-	-	183,070	65,22
Carazinho (Município) (430470)	24.453	24.695	2,54	2,47	-	-	665,090	93,39
Caxias do Sul (Município) (430510)	172.022	169.639	2,97	2,90	-	-	1.652,310	309,21
Charqueadas (Município) (430535)	11.857	11.890	3,44	3,35	-	-	216,510	188,39
Cruz Alta (Município) (430610)	26.681	26.437	2,26	2,20	-	-	1.360,290	44,33
Dois Irmãos (Município) (430640)	10.927	11.068	2,99	2,92	-	-	65,160	501,43
Eldorado do Sul (Município) (430676)	12.821	11.680	3,22	3,17	-	-	509,730	80,99
Erechim (Município) (430700)	39.649	38.224	2,67	2,61	-	-	430,670	245,81
Estância Velha (Município) (430760)	16.241	16.193	3,08	3,01	-	-	52,150	959,25
Esteio (Município) (430770)	32.249	32.841	2,58	2,53	-	-	27,680	3.006,29
Farroupilha (Município) (430790)	24.354	21.728	2,97	2,88	-	-	361,680	199,98
Glorinha (Município) (430905)	2.783	855	2,91	2,84	-	-	323,640	25,02
Gravataí (Município) (430920)	98.090	95.419	2,87	2,81	-	-	463,500	607,38
Guaíba (Município) (430930)	38.188	37.920	2,57	2,53	-	-	376,950	260,36
Ijuí (Município) (431020)	32.481	30.274	2,57	2,50	-	-	689,390	121,09
Ivoti (Município) (431080)	7.737	7.168	3,14	3,08	-	-	63,150	384,68
Lajeado (Município) (431140)	29.273	29.894	2,87	2,80	-	-	90,610	927,19
Montenegro (Município) (431240)	23.732	22.229	2,75	2,65	-	-	424,440	153,77
Nova Hartz (Município) (431306)	6.906	5.898	3,13	3,05	-	-	62,560	345,52
Nova Santa Rita (Município) (431337)	8.207	7.157	3,57	3,51	-	-	217,870	134,48
Novo Hamburgo (Município) (431340)	98.306	98.565	2,51	2,46	-	-	223,820	1.102,43
Parobé (Município) (431405)	19.956	19.307	2,92	2,85	-	-	108,760	535,80
Passo Fundo (Município) (431410)	73.918	73.643	2,75	2,69	-	-	783,420	259,47
Pelotas (Município) (431440)	139.189	133.629	2,46	2,39	-	-	1.610,080	212,66
Portão (Município) (431480)	11.771	9.906	3,15	3,06	-	-	159,900	231,89
Porto Alegre (Município) (431490)	612.350	612.350	2,42	2,42	-	-	496,680	2.987,37
Rio Grande (Município) (431560)	79.926	79.475	2,64	2,55	-	-	2.709,520	77,88
Santa Cruz do Sul (Município) (431680)	48.302	44.233	2,70	2,62	-	-	733,410	177,82
Santa Maria (Município) (431690)	105.270	102.059	2,68	2,63	-	-	1.781,760	158,34
Sant'Ana do Livramento (Município) (431710)	34.697	32.029	2,22	2,17	-	-	6.941,610	11,10
Santa Rosa (Município) (431720)	28.175	25.383	2,60	2,54	-	-	489,800	149,56
Santo Ângelo (Município) (431750)	31.542	30.435	2,46	2,40	-	-	680,500	114,02
Santo Antônio da Patrulha (Município) (431760)	16.626	11.870	2,58	2,56	-	-	1.049,810	40,86
São Borja (Município) (431800)	24.505	22.271	2,46	2,42	-	-	3.616,690	16,67
São Gabriel (Município) (431830)	24.645	22.377	2,52	2,47	-	-	5.023,820	12,36
São Jerônimo (Município) (431840)	8.817	6.972	2,75	2,68	-	-	936,380	25,90
São Leopoldo (Município) (431870)	84.887	86.726	2,79	2,72	-	-	102,740	2.305,23
Sapiranga (Município) (431990)	29.401	29.075	2,78	2,71	-	-	138,030	592,16
Sapucaia do Sul (Município) (432000)	51.300	52.444	2,75	2,68	-	-	58,310	2.419,44
Taquara (Município) (432120)	22.360	18.891	2,57	2,52	-	-	457,880	125,50
Tramandaí (Município) (432160)	15.863	15.818	3,26	3,19	-	-	144,410	358,12
Triunfo (Município) (432200)	10.186	6.680	2,90	2,89	-	-	818,800	36,07
Uruguaiana (Município) (432240)	46.004	43.857	2,76	2,71	-	-	5.703,590	22,26
Vacaria (Município) (432250)	23.819	22.840	2,78	2,71	-	-	2.124,580	31,17
Venâncio Aires (Município) (432260)	27.627	17.968	2,59	2,50	-	-	772,230	92,66
Viamão (Município) (432300)	90.827	87.528	2,81	2,74	-	-	1.497,090	170,48
Campo Grande (Município) (500270)	314.025	314.025	2,85	2,81	-	-	8.092,950	110,71
Corumbá (Município) (500320)	33.871	32.498	3,29	3,09	-	-	64.721,720	1,72
Dourados (Município) (500370)	74.565	74.049	2,99	2,78	-	-	4.086,240	54,56
Naviraí (Município) (500570)	18.112	17.964	3,03	2,82	-	-	3.193,550	17,18
Nova Andradina (Município) (500620)	17.945	16.290	3,03	2,84	-	-	4.776,000	11,38
Ponta Porã (Município) (500660)	27.456	23.561	3,37	3,13	-	-	5.330,450	17,36
Sidrolândia (Município) (500790)	16.290	11.250	3,54	3,38	-	-	5.286,410	10,91
Três Lagoas (Município) (500830)	39.284	39.779	3,09	2,91	-	-	10.206,950	11,89
Alta Floresta (Município) (510025)	19.179	17.108	2,70	2,63	-	-	8.953,190	5,78
Barão de Melgaço (Município) (510160)	2.660	1.214	3,22	3,18	-	-	11.174,470	0,77
Barra do Garças (Município) (510180)	22.514	21.637	2,71	2,54	-	-	9.079,290	6,72
Cáceres (Município) (510250)	32.101	28.531	2,94	2,88	-	-	24.593,030	3,84
Chapada dos Guimarães (Município) (510300)	7.054	4.448	2,80	2,75	-	-	6.611,790	2,99
Cuiabá (Município) (510340)	198.827	196.347	3,08	3,06	-	-	3.293,540	185,98
Jangada (Município) (510490)	2.533	1.028	3,32	3,13	-	-	1.015,310	8,28
Lucas do Rio Verde (Município) (510525)	17.857	17.301	3,67	3,53	-	-	3.675,220	17,83
Nossa Senhora do Livramento (Município) (510610)	4.347	1.578	3,04	3,06	-	-	4.934,710	2,68
Nova Brasilândia (Município) (510620)	1.781	1.427	2,15	2,14	-	-	3.278,860	1,17
Planalto da Serra (Município) (510645)	1.082	829	2,46	2,42	-	-	2.442,450	1,09
Poconé (Município) (510650)	11.404	8.305	2,88	2,87	-	-	17.164,000	1,91
Primavera do Leste (Município) (510704)	20.202	19.695	3,07	2,98	-	-	5.482,070	11,31
Rondonópolis (Município) (510760)	78.811	77.921	2,95	2,87	-	-	4.686,620	49,61
Rosário Oeste (Município) (510770)	6.597	3.915	2,60	2,64	-	-	7.419,630	2,31
Santo Antônio do Leverger (Município) (510780)	8.441	3.070	1,97	2,10	-	-	11.735,750	1,42
Sinop (Município) (510790)	43.864	37.630	3,26	3,15	-	-	3.942,230	36,27
Sorriso (Município) (510792)	25.804	23.169	3,50	3,42	-	-	9.347,560	9,66
Tangará da Serra (Município) (510795)	32.937	30.954	3,15	3,05	-	-	11.601,250	8,94
Várzea Grande (Município) (510840)	94.990	96.089	3,00	2,92	-	-	1.048,210	271,86
Abadia de Goiás (Município) (520005)	2.708	2.007	3,24	3,23	-	-	147,730	59,38
Águas Lindas de Goiás (Município) (520025)	55.759	56.869	3,81	3,73	-	-	188,390	1.127,69
Anápolis (Município) (520110)	134.816	134.805	2,87	2,82	-	-	933,160	414,64
Aparecida de Goiânia (Município) (520140)	173.107	176.633	3,34	3,27	-	-	278,540	2.075,76
Aragoiânia (Município) (520180)	3.436	2.317	3,00	2,94	-	-	218,180	47,24
Bela Vista de Goiás (Município) (520330)	10.408	7.637	2,88	2,87	-	-	1.275,850	23,49
Bonfinópolis (Município) (520355)	3.005	2.853	3,23	3,17	-	-	123,430	78,64
Brazabrantes (Município) (520360)	1.403	964	2,64	2,58	-	-	123,070	30,09
Caldas Novas (Município) (520450)	29.219	28.625	3,12	3,06	-	-	1.608,440	56,68
Caldazinha (Município) (520455)	1.425	844	2,67	2,60	-	-	249,690	15,23
Catalão (Município) (520510)	35.680	33.824	3,05	3,01	-	-	3.821,460	28,48
Caturaí (Município) (520520)	1.980	1.573	2,56	2,52	-	-	205,080	24,72
Cidade Ocidental (Município) (520549)	20.163	16.105	3,54	3,46	-	-	389,990	183,02
Cristalina (Município) (520620)	17.352	14.397	3,40	3,38	-	-	6.162,090	9,57
Formosa (Município) (520800)	38.732	35.840	3,14	3,12	-	-	5.811,790	20,93
Goianápolis (Município) (520840)	4.287	3.991	2,62	2,55	-	-	169,010	66,45
Goianésia (Município) (520860)	23.284	22.056	3,01	2,97	-	-	1.547,270	45,30
Goiânia (Município) (520870)	543.796	543.796	2,79	2,78	-	-	728,840	2.080,17
Goianira (Município) (520880)	13.065	13.102	3,39	3,32	-	-	212,550	208,37
Guapó (Município) (520920)	5.995	4.924	2,37	2,34	-	-	517,260	27,47
Hidrolândia (Município) (520970)	6.935	4.241	3,13	3,08	-	-	953,730	22,76
Inhumas (Município) (521000)	19.949	19.082	2,65	2,59	-	-	615,280	85,92
Itumbiara (Município) (521150)	39.978	38.875	2,62	2,58	-	-	2.464,510	42,50
Jataí (Município) (521190)	36.029	33.768	2,80	2,75	-	-	7.174,230	14,06
Luziânia (Município) (521250)	63.895	60.911	3,26	3,19	-	-	3.961,100	52,59
Mineiros (Município) (521310)	20.304	18.807	3,29	3,24	-	-	9.038,770	7,39
Nerópolis (Município) (521450)	9.446	9.239	3,16	3,10	-	-	204,220	146,17
Nova Veneza (Município) (521500)	3.189	2.783	3,09	3,06	-	-	123,380	79,86
Novo Gama (Município) (521523)	33.933	34.262	3,41	3,34	-	-	194,990	593,41
Planaltina (Município) (521760)	29.873	28.671	3,01	2,98	-	-	2.543,680	35,35
Rio Verde (Município) (521880)	69.925	66.193	3,37	3,30	-	-	8.386,830	28,10
Santo Antônio de Goiás (Município) (521973)	1.780	1.659	3,53	3,44	-	-	132,810	47,31
Santo Antônio do Descoberto (Município) (521975)	23.069	20.849	3,24	3,22	-	-	944,150	79,17
Senador Canedo (Município) (522045)	30.361	30.975	3,80	3,71	-	-	248,290	464,66
Terezópolis de Goiás (Município) (522119)	2.521	2.216	3,19	3,14	-	-	106,910	75,23
Trindade (Município) (522140)	40.897	40.081	3,12	3,05	-	-	710,330	179,63
Valparaíso de Goiás (Município) (522185)	50.440	51.836	3,34	3,25	-	-	61,450	2.741,55
Brasília (Município) (530010)	1.111.885	1.111.885	2,71	2,62	-	-	5.780,000	521,67
